4
1
6

8
5
14

8
1
14

36
31
85

529
591
901

4267
4075
8611

1912
1371
4141

37099
7481
43039

13032
30489
38293

49597
17099
150173

1297578
1309921
1604249

102391
440689
776383

23452428
57067325
128201023

482643336
105672331
546270017

198048676
130085863
626702477

1276375636
3219636017
3744338729

6093736
6260533
10904713

31209586602
60007991003
82471961137

184936358494
123312613163
187728035189

706966926409
1772897696081
2180186860769

114049435874
802338859625
1048745538899

9010500581436
2026810393637
13645378542967

12110524057547
6646077036887
12229825872389

14948212761849
2164943946027
26941959417313

48567155595808
34991902154561
111147538257979

2180167336347954
2218358075318359
10349520482158573

30919917222545916
10375037347791263
37882702883613169

150591014360498453
147404280181336555
175643448476692733

52887985334481041
38014293212839189
317109489176471779

275188404551416805
2479521411601694519
3315036482377273607

